Datafile: data, attributes: 2, samples: 3031
minPts: 5, eps: 10.000000
clusters: 197, noisePts: 135, corePts: 2601, borderPts: 295
Mean distance count: 109.000000
Total duration: 54107736, clustering: 51971859, outfileCreation: 2931253,neighbourhoodCalculation: 46805582
TP: 93542, TN: 3731133, rand: 0.832906
refPoint: [7.798000,465.752000]
refPointTableCreationTime: 328297, sortTime: 120487
