Datafile: complex9, attributes: 2, samples: 3031
minPts: 5, eps: 10.000000
clusters: 310, noisePts: 605, corePts: 1760, borderPts: 666
Mean distance count: 69.000000
Total duration: 38666524, clustering: 35122890, outfileCreation: 2792651,neighbourhoodCalculation: 31147479
TP: 48880, TN: 3589391, rand: 0.792312
refPoint: [0.000000,0.000000]
refPointTableCreationTime: 523670, sortTime: 206724
