Datafile: letter, attributes: 16, samples: 18668
minPts: 150, eps: 5.000000
clusters: 0, noisePts: 18668, corePts: 0, borderPts: 0
Mean distance count: 5657.000000
Total duration: 37232074555, clustering: 37199680275, outfileCreation: 59906009,neighbourhoodCalculation: 37078492825
TP: 7689021, TN: 0, rand: 0.038447
refPoint: [0.000000,0.000000,0.000000,0.000000,0.000000,0.000000,0.000000,0.000000,0.000000,0.000000,0.000000,0.000000,0.000000,0.000000,0.000000,0.000000]
refPointTableCreationTime: 5775786, sortTime: 632046
